Row,BlockNumber,TTD,Difficulty,UnixTimestamp
1,12229475,414255977263,5301478195,1651349759
2,12229564,414260717465,5347244216,1651353341
3,12229649,414265266584,5368896202,1651356903
4,12229750,414270796418,5533071523,1651360544
5,12229833,414275396141,5503041844,1651364049
6,12229906,414279352070,5346350123,1651367640
7,12229996,414284223518,5399792638,1651371225
8,12230088,414289247835,5474306229,1651374748
9,12230180,414294301770,5510091567,1651378431
10,12230251,414298135209,5322260043,1651382021
11,12230338,414302772216,5353871345,1651385569
12,12230431,414307806882,5432437267,1651389208
13,12230517,414312473118,5424086967,1651392834
14,12230588,414316302181,5222753425,1651396428
15,12230638,414318815540,4830197488,1651400048
16,12230695,414321482278,4627707633,1651403454
17,12230766,414324700480,4582000756,1651406977
18,12230826,414327397585,4348204106,1651410787
19,12230868,414329141139,4026603384,1651414303
20,12230910,414330768857,3744334817,1651417888
21,12230999,414334131782,4016720428,1651421390
22,12231045,414335895103,3741461144,1651425161
23,12231134,414339350424,3951120442,1651428845
24,12231226,414343102743,4202510650,1651432376
25,12231334,414347824534,4558449166,1651436050
26,12231424,414351995867,4731499950,1651439580
27,12231494,414355248525,4607793107,1651443355
28,12231592,414359901661,4856220443,1651446839
29,12231672,414363782748,4867848961,1651450410
30,12231767,414368516466,5030284904,1651453933
31,12231845,414372423916,4986346453,1651457556
32,12231922,414376260239,4944891536,1651461100
33,12232006,414380411132,4972865516,1651464732
34,12232103,414385316445,5149028652,1651468320
35,12232191,414389868229,5160726629,1651472063
36,12232267,414393785513,5105060214,1651475507
37,12232341,414397559698,4946975631,1651479313
38,12232393,414400072246,4725815189,1651482513
39,12232452,414402810576,4649358433,1651485573
40,12232501,414405032330,4462470907,1651488637
41,12232578,414408365844,4294474025,1651493083
42,12232685,414413132485,4622259047,1651496870
43,12232795,414418447355,5000949990,1651500410
44,12232867,414422009479,4965764219,1651503708
45,12232938,414425509619,4886014706,1651507153
46,12233015,414429280625,4806831501,1651510893
47,12233059,414431334652,4578230265,1651513848
48,12233103,414433284537,4332342503,1651517008
49,12233155,414435474843,4112221493,1651520556
50,12233227,414438415662,4065026975,1651524407
51,12233306,414441648343,4143962918,1651528067
52,12233384,414444906757,4205770315,1651531701
53,12233471,414448633637,4448339672,1651534941
54,12233545,414451914595,4377297839,1651538741
55,12233619,414455167478,4368370124,1651542335
56,12233683,414457917652,4271390731,1651545896
57,12233749,414460714348,4223997338,1651549368
58,12233819,414463665845,4190546477,1651553003
59,12233887,414466472610,4144888976,1651556645
60,12233944,414468815538,4060002142,1651559942
61,12234014,414471639028,4045492213,1651563609
62,12234096,414474995798,4120657119,1651567415
63,12234158,414477523246,4052255705,1651570889
64,12234227,414480328163,4044530643,1651574432
65,12234301,414483341874,4071760012,1651578115
66,12234364,414485878316,4018816834,1651581603
67,12234431,414488544127,3963852361,1651585330
68,12234489,414490844232,3905543066,1651588640
69,12234548,414493119921,3783537608,1651592363
70,12234639,414496676644,4021353791,1651596008
71,12234752,414501523701,4506185377,1651599500
72,12234803,414503753885,4223809265,1651603170
73,12234903,414508137444,4536052335,1651606692
74,12234978,414511525956,4486789950,1651610406
75,12235037,414514091200,4317812684,1651613977
76,12235107,414517081582,4225750002,1651617794
77,12235182,414520218488,4237405847,1651621497
78,12235251,414523122403,4182111270,1651625154
79,12235330,414526501751,4166600412,1651629134
80,12235388,414528855361,3957649569,1651633018
81,12235470,414532172831,4101084841,1651636596
82,12235557,414535852275,4302691231,1651640009
83,12235622,414538603860,4242931280,1651643445
84,12235680,414541010886,4123359963,1651646891
85,12235751,414543912212,4109199865,1651650532
86,12235825,414546965820,4148851606,1651654067
87,12235894,414549812516,4120092827,1651657636
88,12235973,414553112703,4191992363,1651661307
89,12236037,414555778502,4121645331,1651664811
90,12236100,414558357320,4081609129,1651668159
91,12236200,414562450762,4031883262,1651673477
92,12236311,414567143087,4411815975,1651677327
93,12236423,414572328979,4792541096,1651681023
94,12236544,414578405662,5179316603,1651684899
95,12236651,414583980111,5272119180,1651689124
96,12236765,414590095702,5404395409,1651693432
97,12236866,414595639797,5575788467,1651696984
98,12236940,414599751980,5404760657,1651700532
99,12237012,414603552958,5232446104,1651704167
100,12237117,414609189042,5456488801,1651707808
101,12237197,414613579166,5329245929,1651711482
102,12237300,414618949736,5024410412,1651716961
103,12237437,414625696918,5225688779,1651722341
104,12237888,414661274207,10667296142,1651723885
105,12238297,414716221924,16255545126,1651726018
106,12238658,414783809718,21088667582,1651728808
107,12238986,414859456150,24981023295,1651731990
108,12239296,414942366207,28631596840,1651735226
109,12239600,415034909795,31982411096,1651738601
110,12239867,415123400463,33637068032,1651742278
111,12239985,415161735189,24358944465,1651750235
112,12240164,415201088191,22942452830,1651754902
113,12240149,415197667340,22649732914,1651754857
114,12240146,415196988431,22591445702,1651754848
115,12240142,415196086047,22502875623,1651754821
116,12240146,415196988431,22591445702,1651754848
117,12240142,415196086047,22502875623,1651754821
118,12240146,415196988431,22591445702,1651754848
119,12240142,415196086047,22502875623,1651754821
120,12240146,415196988431,22591445702,1651754848
121,12240142,415196086047,22502875623,1651754821
122,12240146,415196988431,22591445702,1651754848
123,12240142,415196086047,22502875623,1651754821
124,12240191,415207340619,23372454991,1651755082
125,12240277,415228101845,24858150741,1651755599
126,12240273,415227108507,24800360829,1651755557
127,12240276,415227853264,24837634382,1651755585
128,12240273,415227108507,24800360829,1651755557
129,12240276,415227853264,24837634382,1651755585
130,12240273,415227108507,24800360829,1651755557
131,12240276,415227853264,24837634382,1651755585
132,12240273,415227108507,24800360829,1651755557
133,12240276,415227853264,24837634382,1651755585
134,12240273,415227108507,24800360829,1651755557
135,12240276,415227853264,24837634382,1651755585
136,12240273,415227108507,24800360829,1651755557
137,12240276,415227853264,24837634382,1651755585
138,12240273,415227108507,24800360829,1651755557
139,12240276,415227853264,24837634382,1651755585
140,12240273,415227108507,24800360829,1651755557
141,12240276,415227853264,24837634382,1651755585
142,12240273,415227108507,24800360829,1651755557
143,12240276,415227853264,24837634382,1651755585
144,12240273,415227108507,24800360829,1651755557
145,12240276,415227853264,24837634382,1651755585
146,12240273,415227108507,24800360829,1651755557
147,12240276,415227853264,24837634382,1651755585
148,12240273,415227108507,24800360829,1651755557
149,12240276,415227853264,24837634382,1651755585
150,12240273,415227108507,24800360829,1651755557
151,12240276,415227853264,24837634382,1651755585
152,12240273,415227108507,24800360829,1651755557
153,12240276,415227853264,24837634382,1651755585
154,12240273,415227108507,24800360829,1651755557
155,12240276,415227853264,24837634382,1651755585
156,12240273,415227108507,24800360829,1651755557
157,12240276,415227853264,24837634382,1651755585
158,12240273,415227108507,24800360829,1651755557
159,12240276,415227853264,24837634382,1651755585
160,12240273,415227108507,24800360829,1651755557
161,12240276,415227853264,24837634382,1651755585
162,12240273,415227108507,24800360829,1651755557
163,12240276,415227853264,24837634382,1651755585
164,12240273,415227108507,24800360829,1651755557
165,12240276,415227853264,24837634382,1651755585
166,12240273,415227108507,24800360829,1651755557
167,12240276,415227853264,24837634382,1651755585
168,12240273,415227108507,24800360829,1651755557
169,12240276,415227853264,24837634382,1651755585
170,12240273,415227108507,24800360829,1651755557
171,12240276,415227853264,24837634382,1651755585
172,12240273,415227108507,24800360829,1651755557
173,12240276,415227853264,24837634382,1651755585
174,12240273,415227108507,24800360829,1651755557
175,12240276,415227853264,24837634382,1651755585
176,12240273,415227108507,24800360829,1651755557
177,12240276,415227853264,24837634382,1651755585
178,12240273,415227108507,24800360829,1651755557
179,12240276,415227853264,24837634382,1651755585
180,12240273,415227108507,24800360829,1651755557
181,12240276,415227853264,24837634382,1651755585
182,12240273,415227108507,24800360829,1651755557
183,12240276,415227853264,24837634382,1651755585
184,12240273,415227108507,24800360829,1651755557
185,12240276,415227853264,24837634382,1651755585
186,12240273,415227108507,24800360829,1651755557
187,12240276,415227853264,24837634382,1651755585
188,12240273,415227108507,24800360829,1651755557
189,12240276,415227853264,24837634382,1651755585
190,12240273,415227108507,24800360829,1651755557
191,12240276,415227853264,24837634382,1651755585
192,12240273,415227108507,24800360829,1651755557
193,12240276,415227853264,24837634382,1651755585
194,12240273,415227108507,24800360829,1651755557
195,12240276,415227853264,24837634382,1651755585
196,12240273,415227108507,24800360829,1651755557
197,12240276,415227853264,24837634382,1651755585
198,12240273,415227108507,24800360829,1651755557
199,12240276,415227853264,24837634382,1651755585
200,12240273,415227108507,24800360829,1651755557
201,12240276,415227853264,24837634382,1651755585
202,12240273,415227108507,24800360829,1651755557
203,12240276,415227853264,24837634382,1651755585
204,12240273,415227108507,24800360829,1651755557
205,12240276,415227853264,24837634382,1651755585
206,12240273,415227108507,24800360829,1651755557
207,12240276,415227853264,24837634382,1651755585
208,12240273,415227108507,24800360829,1651755557
209,12240276,415227853264,24837634382,1651755585
210,12240273,415227108507,24800360829,1651755557
211,12240276,415227853264,24837634382,1651755585
212,12240273,415227108507,24800360829,1651755557
213,12240276,415227853264,24837634382,1651755585
214,12240273,415227108507,24800360829,1651755557
215,12240276,415227853264,24837634382,1651755585
216,12240273,415227108507,24800360829,1651755557
217,12240276,415227853264,24837634382,1651755585
218,12240273,415227108507,24800360829,1651755557
219,12240276,415227853264,24837634382,1651755585
220,12240273,415227108507,24800360829,1651755557
221,12240276,415227853264,24837634382,1651755585
222,12240273,415227108507,24800360829,1651755557
223,12240276,415227853264,24837634382,1651755585
224,12240273,415227108507,24800360829,1651755557
225,12240276,415227853264,24837634382,1651755585
226,12240273,415227108507,24800360829,1651755557
227,12240276,415227853264,24837634382,1651755585
228,12240273,415227108507,24800360829,1651755557
229,12240276,415227853264,24837634382,1651755585
230,12240273,415227108507,24800360829,1651755557
231,12240276,415227853264,24837634382,1651755585
232,12240273,415227108507,24800360829,1651755557
233,12240276,415227853264,24837634382,1651755585
234,12240273,415227108507,24800360829,1651755557
235,12240276,415227853264,24837634382,1651755585
236,12240273,415227108507,24800360829,1651755557
237,12240276,415227853264,24837634382,1651755585
238,12240273,415227108507,24800360829,1651755557
239,12240276,415227853264,24837634382,1651755585
240,12240273,415227108507,24800360829,1651755557
241,12240276,415227853264,24837634382,1651755585
242,12240273,415227108507,24800360829,1651755557
243,12240276,415227853264,24837634382,1651755585
244,12240273,415227108507,24800360829,1651755557
245,12240276,415227853264,24837634382,1651755585
246,12240273,415227108507,24800360829,1651755557
247,12240276,415227853264,24837634382,1651755585
248,12240273,415227108507,24800360829,1651755557
249,12240276,415227853264,24837634382,1651755585
250,12240273,415227108507,24800360829,1651755557
251,12240276,415227853264,24837634382,1651755585
252,12240273,415227108507,24800360829,1651755557
253,12240276,415227853264,24837634382,1651755585
254,12240273,415227108507,24800360829,1651755557
255,12240276,415227853264,24837634382,1651755585
256,12240273,415227108507,24800360829,1651755557
257,12240276,415227853264,24837634382,1651755585
258,12240273,415227108507,24800360829,1651755557
259,12240276,415227853264,24837634382,1651755585
260,12240273,415227108507,24800360829,1651755557
261,12240276,415227853264,24837634382,1651755585
262,12240273,415227108507,24800360829,1651755557
263,12240276,415227853264,24837634382,1651755585
264,12240273,415227108507,24800360829,1651755557
265,12240276,415227853264,24837634382,1651755585
266,12240273,415227108507,24800360829,1651755557
267,12240276,415227853264,24837634382,1651755585
268,12240273,415227108507,24800360829,1651755557
269,12240276,415227853264,24837634382,1651755585
270,12240273,415227108507,24800360829,1651755557
271,12240276,415227853264,24837634382,1651755585
272,12240273,415227108507,24800360829,1651755557
273,12240276,415227853264,24837634382,1651755585
274,12240273,415227108507,24800360829,1651755557
275,12240276,415227853264,24837634382,1651755585
276,12240273,415227108507,24800360829,1651755557
277,12240276,415227853264,24837634382,1651755585
278,12240273,415227108507,24800360829,1651755557
279,12240276,415227853264,24837634382,1651755585
280,12240273,415227108507,24800360829,1651755557
281,12240276,415227853264,24837634382,1651755585
282,12240273,415227108507,24800360829,1651755557
283,12240276,415227853264,24837634382,1651755585
284,12240273,415227108507,24800360829,1651755557
285,12240276,415227853264,24837634382,1651755585
286,12240273,415227108507,24800360829,1651755557
287,12240276,415227853264,24837634382,1651755585
288,12240273,415227108507,24800360829,1651755557
289,12240276,415227853264,24837634382,1651755585
290,12240273,415227108507,24800360829,1651755557
291,12240276,415227853264,24837634382,1651755585
292,12240273,415227108507,24800360829,1651755557
293,12240276,415227853264,24837634382,1651755585
294,12240273,415227108507,24800360829,1651755557
295,12240276,415227853264,24837634382,1651755585
296,12240273,415227108507,24800360829,1651755557
297,12240276,415227853264,24837634382,1651755585
298,12240273,415227108507,24800360829,1651755557
299,12240276,415227853264,24837634382,1651755585
300,12240273,415227108507,24800360829,1651755557
301,12240276,415227853264,24837634382,1651755585
302,12240273,415227108507,24800360829,1651755557
303,12240276,415227853264,24837634382,1651755585
304,12240273,415227108507,24800360829,1651755557
305,12240276,415227853264,24837634382,1651755585
306,12240296,415232862281,25176061770,1651755740
307,12240306,415235386843,25333958036,1651755813
308,12240306,415235386843,25333958036,1651755813
309,12240306,415235386843,25333958036,1651755813
310,12240306,415235386843,25333958036,1651755813
311,12240306,415235386843,25333958036,1651755813
312,12240306,415235386843,25333958036,1651755813
313,12240306,415235386843,25333958036,1651755813
314,12240306,415235386843,25333958036,1651755813
315,12240306,415235386843,25333958036,1651755813
316,12240306,415235386843,25333958036,1651755813
317,12240306,415235386843,25333958036,1651755813
318,12240306,415235386843,25333958036,1651755813
319,12240306,415235386843,25333958036,1651755813
320,12240306,415235386843,25333958036,1651755813
321,12240306,415235386843,25333958036,1651755813
322,12240306,415235386843,25333958036,1651755813
323,12240306,415235386843,25333958036,1651755813
324,12240306,415235386843,25333958036,1651755813
325,12240306,415235386843,25333958036,1651755813
326,12240306,415235386843,25333958036,1651755813
327,12240306,415235386843,25333958036,1651755813
328,12240306,415235386843,25333958036,1651755813
329,12240306,415235386843,25333958036,1651755813
330,12240306,415235386843,25333958036,1651755813
331,12240306,415235386843,25333958036,1651755813
332,12240306,415235386843,25333958036,1651755813
333,12240306,415235386843,25333958036,1651755813
334,12240306,415235386843,25333958036,1651755813
335,12240306,415235386843,25333958036,1651755813
336,12240306,415235386843,25333958036,1651755813
337,12240306,415235386843,25333958036,1651755813
338,12240306,415235386843,25333958036,1651755813
339,12240306,415235386843,25333958036,1651755813
340,12240306,415235386843,25333958036,1651755813
341,12240306,415235386843,25333958036,1651755813
342,12240306,415235386843,25333958036,1651755813
343,12240306,415235386843,25333958036,1651755813
344,12240306,415235386843,25333958036,1651755813
345,12240306,415235386843,25333958036,1651755813
346,12240306,415235386843,25333958036,1651755813
347,12240306,415235386843,25333958036,1651755813
348,12240306,415235386843,25333958036,1651755813
349,12240306,415235386843,25333958036,1651755813
350,12240306,415235386843,25333958036,1651755813
351,12240306,415235386843,25333958036,1651755813
352,12240306,415235386843,25333958036,1651755813
353,12240306,415235386843,25333958036,1651755813
354,12240306,415235386843,25333958036,1651755813
355,12240306,415235386843,25333958036,1651755813
356,12240306,415235386843,25333958036,1651755813
357,12240306,415235386843,25333958036,1651755813
358,12240306,415235386843,25333958036,1651755813
359,12240306,415235386843,25333958036,1651755813
360,12240306,415235386843,25333958036,1651755813
361,12240306,415235386843,25333958036,1651755813
362,12240306,415235386843,25333958036,1651755813
363,12240306,415235386843,25333958036,1651755813
364,12240306,415235386843,25333958036,1651755813
365,12240306,415235386843,25333958036,1651755813
366,12240306,415235386843,25333958036,1651755813
367,12240306,415235386843,25333958036,1651755813
368,12240306,415235386843,25333958036,1651755813
369,12240306,415235386843,25333958036,1651755813
370,12240306,415235386843,25333958036,1651755813
371,12240306,415235386843,25333958036,1651755813
372,12240306,415235386843,25333958036,1651755813
373,12240306,415235386843,25333958036,1651755813
374,12240306,415235386843,25333958036,1651755813
375,12240306,415235386843,25333958036,1651755813
376,12240306,415235386843,25333958036,1651755813
377,12240306,415235386843,25333958036,1651755813
378,12240306,415235386843,25333958036,1651755813
379,12240306,415235386843,25333958036,1651755813
380,12240306,415235386843,25333958036,1651755813
381,12240306,415235386843,25333958036,1651755813
382,12240306,415235386843,25333958036,1651755813
383,12240306,415235386843,25333958036,1651755813
384,12240366,415248866396,17606877126,1651763650
385,12240377,415250749713,16386467266,1651765222
386,12240401,415254472585,14287070614,1651768266
387,12240700,415288989766,10073437378,1651782660
388,12240831,415301317101,8735104723,1651789165
389,12240948,415310985320,7774796181,1651794999
390,12241054,415319157808,7710011556,1651798645
391,12241154,415326715958,7548857400,1651802384
392,12241258,415334470682,7439939462,1651806191
393,12241362,415342149895,7438807017,1651809684
394,12241469,415349994914,7257129671,1651813708
395,12241580,415357876291,6918058780,1651818459
396,12241688,415365431298,6968758252,1651822089
397,12241777,415371457228,6688848402,1651825963
398,12241951,415383808430,7585707746,1651829692
399,12242109,415396338564,8219844969,1651833328
400,12242259,415408951946,8687695048,1651837046
401,12242418,415423197475,9247300342,1651840667
402,12242561,415436524435,9505558335,1651844423
403,12242728,415452873706,10068940790,1651848263
404,12242909,415471750182,10882950973,1651851897
405,12243039,415486020126,10958901900,1651855315
406,12243171,415500452966,11002415047,1651858898
407,12243292,415513554208,10835255309,1651862515
408,12243432,415528786174,10914329695,1651866228
409,12243565,415543474803,10998308284,1651869700
410,12243698,415558036173,11048391440,1651873285
411,12243814,415570544182,10674146344,1651877042
412,12243946,415584793714,10683540826,1651880661
413,12244069,415597900188,10564061653,1651884277
414,12244196,415611451396,10529129106,1651887814
415,12244322,415624546285,10295107923,1651891684
416,12244465,415639531448,10483816650,1651895322
417,12244589,415652420746,10374776735,1651899004
418,12244720,415666040249,10426664790,1651902549
419,12244845,415678954223,10358278969,1651906166
420,12244962,415690898624,10175759172,1651909769
421,12245068,415701524517,9854881942,1651913379
422,12245184,415712816820,9661125590,1651917109
423,12245319,415725946121,9789906266,1651920749
424,12245450,415738748439,9910564477,1651924258
425,12245579,415751494888,9915301007,1651927970
426,12245716,415765188493,10107278502,1651931505
427,12245852,415778994315,10230928106,1651935179
428,12245981,415792272203,10246248483,1651938772
429,12246099,415804201690,9969750889,1651942604
430,12246258,415820477249,10446935505,1651946238
431,12246374,415832548372,10321230519,1651949663
432,12246488,415844153302,10102142911,1651953277
433,12246610,415856413804,10010366318,1651956922
434,12246738,415869217663,9998726281,1651960572
435,12246867,415882185674,10028922973,1651964141
436,12246982,415893590519,9810208410,1651967859
437,12247137,415909100726,10270928338,1651971425
438,12247267,415922398677,10230932591,1651975173
439,12247399,415936079153,10303842105,1651978709
440,12247513,415947606224,10086542633,1651982335
441,12247644,415960847542,10138139841,1651985963
442,12247762,415972631608,10032848704,1651989546
443,12247891,415985592326,9989968104,1651993240
444,12248018,415998333080,10098970862,1651996678
445,12248153,416012016334,10091762156,1652000440
446,12248306,416027837520,10493839556,1652003965
447,12248419,416039544279,10270938181,1652007476
448,12248550,416052996740,10315271726,1652011058
449,12248662,416064326999,10085397606,1652014647
450,12248804,416078714635,10297106962,1652018231
451,12248942,416093001121,10468134431,1652021769
452,12249069,416106307515,10442343908,1652025347
453,12249181,416117790437,10166814964,1652028950
454,12249281,416127771101,9714376951,1652032588
455,12249417,416141112700,9891179271,1652036222
456,12249545,416153824080,9910657111,1652039815
457,12249646,416163617813,9599368437,1652043344
458,12249770,416175586978,9559458603,1652047003
459,12249892,416187213788,9604535051,1652050533
460,12249998,416197286223,9314443074,1652054194
461,12250103,416206911502,9113395917,1652057764
462,12250224,416217928813,9144692081,1652061339
463,12250361,416230580319,9364689742,1652064938
464,12250476,416241286937,9277358068,1652068548
465,12250620,416254845940,9649863091,1652072079
466,12250728,416265152054,9440434327,1652075621
467,12250858,416277436221,9515077122,1652079281
468,12250980,416288996788,9468359690,1652082930
469,12251109,416301357804,9565962589,1652086497
470,12251242,416314078657,9696135261,1652090072
471,12251389,416328556166,10098825525,1652093629
472,12251536,416343539343,10458116927,1652097148
473,12251709,416362321060,11092477099,1652100756
474,12251898,416384310710,11982827743,1652104378
475,12251971,416392838051,10945733961,1652107952
476,12252031,416399048901,9892585026,1652111515
477,12252101,416405615082,9042990549,1652115254
478,12252183,416412856687,8482665991,1652118876
479,12252264,416419640289,8188451583,1652122116
480,12252342,416425835804,7757239476,1652125665
481,12252407,416430659158,7211367261,1652129222
482,12252462,416434498509,6606309930,1652132765
483,12252509,416437448619,5917484586,1652136592
484,12252570,416440942702,5448112774,1652140533
485,12252628,416444049158,5179527232,1652143888
486,12252681,416446710819,4826346792,1652147497
487,12252742,416449520831,4597024852,1652151268
488,12252802,416452273214,4512289830,1652154420
489,12252856,416454619106,4269472992,1652158039
490,12252920,416457321308,4170311427,1652161669
491,12252986,416460091530,4254147655,1652164612
492,12253028,416461856111,4093077513,1652167418
493,12253080,416463944176,4005965264,1652170508
494,12253142,416466398396,3892928270,1652174264
495,12253201,416468687713,3831906436,1652177697
496,12253276,416471569020,3890136441,1652181411
497,12253360,416474884451,4000379007,1652185296
498,12253471,416479554599,4422740881,1652188973
499,12253591,416485153399,4948967314,1652192494
500,12253720,416491879138,5514464822,1652196055
501,12253847,416499165738,5902715853,1652199822
502,12253981,416507489292,6394143843,1652203442
503,12254109,416515979581,6764743305,1652207083
504,12254201,416522162359,6688818923,1652210610
505,12254274,416527018625,6695710392,1652213244
506,12254345,416531664780,6329297684,1652216874
507,12254402,416535146055,5930691980,1652220281
508,12254449,416537804399,5441901925,1652223766
509,12254510,416540998237,5008994677,1652227877
510,12254563,416543575209,4697434081,1652231405
511,12254617,416546053020,4514168474,1652234682
512,12254691,416549331260,4462318236,1652238431
513,12254754,416552153051,4367943317,1652241807
514,12254902,416559010750,4955288452,1652246366
515,12255202,416577938330,7614126152,1652249829
516,12255454,416599663031,9510993195,1652253551
517,12255653,416619838256,10540473652,1652257338
518,12255846,416641154033,11348512637,1652261149
519,12256037,416663563308,12048621309,1652265021
520,12256204,416684134064,12423423749,1652268776
521,12256358,416703362660,12635169345,1652272446
522,12256490,416719990961,12262167089,1652276272
523,12256604,416733772648,11859612705,1652279824
524,12256718,416746977420,11426208940,1652283454
525,12256843,416761143138,11255874798,1652287039
526,12256962,416774417503,10973029748,1652290660
527,12257094,416788841062,10974915204,1652294257
528,12257221,416802818223,10916040003,1652297836
529,12257340,416815626213,10723718082,1652301413
530,12257472,416829762419,10694642858,1652305071
531,12257594,416842735948,10641813722,1652308516
532,12257718,416855835165,10432227508,1652312317
533,12257838,416868304281,10295614941,1652315944
534,12257968,416881671817,10239983746,1652319675
535,12258109,416896279511,10450021187,1652323237
536,12258194,416905004113,10208173450,1652326048
537,12258230,416908352419,8844709819,1652329715
538,12258294,416913617377,7548961495,1652334679
539,12258337,416916698623,6783564136,1652338145
540,12258376,416919208590,5995160402,1652341844
541,12258443,416923080091,5586054133,1652345806
542,12258512,416926857883,5377484184,1652349386
543,12258563,416929560837,5163079258,1652352319
544,12258619,416932340313,4890406120,1652355761
545,12258722,416937380300,5098579071,1652359592
546,12258887,416946632339,6010309307,1652363229
547,12259019,416954911611,6494501115,1652366835
548,12259127,416962018388,6631229940,1652370449
549,12259247,416970119146,6886046927,1652374044
550,12259374,416979056524,7262113993,1652377500
551,12259477,416986527451,7306831752,1652380971
552,12259602,416995811339,7556939941,1652384594
553,12259750,417007371661,8003137279,1652388379
554,12259903,417020096106,8482377121,1652392163
555,12260002,417028338512,8244534749,1652395811
556,12260127,417038618832,8402065740,1652399412
557,12260255,417049422590,8539674253,1652403148
558,12260398,417061817096,8898267421,1652406820
559,12260518,417072494387,9040220005,1652410197
560,12260630,417082482679,8819434283,1652414070
561,12260732,417091281187,8418532946,1652418052
562,12260840,417100318474,8366693039,1652421552
563,12260959,417110228521,8424640437,1652425194
564,12261072,417119764780,8406812817,1652428765
565,12261202,417130884024,8639519450,1652432314
566,12261315,417140579365,8601212366,1652435874
567,12261453,417152593224,8918331121,1652439450
568,12261585,417164393683,9060182392,1652443161
569,12261699,417174613185,8977141270,1652446805
570,12261825,417185978335,8979889328,1652450621
571,12261933,417195582629,8850611379,1652454189
572,12262072,417208039948,9096799597,1652457868
573,12262197,417219366719,9220954053,1652461402
574,12262321,417230867767,9299812957,1652464938
575,12262428,417240602359,9091947662,1652468561
576,12262542,417250899211,9036318063,1652472122
577,12262665,417262105640,9012310504,1652475863
578,12262786,417273044529,9072626945,1652479391
579,12262898,417283110162,8996652771,1652482931
580,12263018,417293918424,8990704472,1652486635
581,12263113,417302444518,9059518687,1652489366
582,12263200,417309928085,7795871539,1652494845
583,12263257,417314282219,7358128977,1652497802
584,12263316,417318439142,6818785562,1652501239
585,12263356,417321098906,6396922525,1652503845
586,12263431,417325724293,6280078747,1652507030
587,12263586,417336066052,6574828887,1652511742
588,12263675,417341776580,6478770532,1652515346
589,12263843,417353252841,7237902567,1652519275
590,12264047,417369366837,8514957917,1652522921
591,12264212,417383947369,9148103878,1652526552
592,12264350,417396735090,9418689502,1652530111
593,12264458,417406982111,9535923646,1652533041
594,12264539,417414583842,9310385279,1652535873
595,12264618,417421334369,7521634171,1652542256
596,12264650,417423732356,7358423152,1652543718
597,12264685,417426221126,6767749731,1652546466
598,12264743,417429809408,6020102552,1652550793
599,12264848,417436205933,6201741862,1652554275
600,12264933,417441499993,6229352776,1652557414
601,12265001,417445653631,6075491493,1652560476
602,12265068,417449670405,5930228297,1652563517
603,12265135,417453430628,5320621675,1652568216
604,12265181,417455810530,5074840518,1652571059
605,12265215,417457481139,4788751458,1652573622
606,12265252,417459205266,4645543566,1652575900
607,12265306,417461643513,4370504938,1652579576
608,12265365,417464191396,4197509336,1652583179
609,12265414,417466228542,4181530098,1652585684
610,12265452,417467802112,4105081733,1652587978
611,12265489,417469308039,4025202370,1652590246
612,12265537,417471240879,3978684488,1652592902
613,12265597,417473583610,3913968930,1652596353
614,12265666,417476320675,3999838065,1652599580
615,12265715,417478270761,4021974272,1652602016
616,12265781,417480874526,3884272419,1652606083
617,12265921,417486714740,4349801389,1652611036
618,12266057,417492931351,4829445398,1652615507
619,12266193,417499796663,5198120189,1652620102
620,12266306,417505846753,5534803520,1652623713
621,12266448,417514046643,6140553119,1652627510
622,12266630,417526210797,7192710997,1652631235
623,12266806,417539820272,8045097557,1652635065
624,12266934,417550163412,8190722227,1652638810
625,12267062,417560604120,8390238386,1652642446
626,12267226,417575018097,9083274994,1652646042
627,12267364,417587895596,9397927791,1652649523
628,12267509,417601752599,9490844185,1652653582
629,12267634,417613616964,9565224166,1652657140
630,12267766,417626205466,9747006086,1652660642
631,12267895,417638870538,9777304146,1652664301
632,12268022,417651261471,9678289687,1652668154
633,12268148,417663531517,9739827226,1652671716
634,12268261,417674447545,9614931527,1652675193
635,12268396,417687541005,9770815566,1652678848
636,12268515,417698944664,9376358578,1652683085
637,12268652,417711918223,9221407461,1652687382
638,12268773,417723098289,9183993950,1652691115
639,12268904,417735134026,9358914718,1652694709
640,12269035,417747608846,9529647273,1652698206
641,12269207,417764482475,10140054692,1652701979
642,12269384,417783200432,10876309549,1652705562
643,12269534,417799812294,11186041287,1652709157
644,12269685,417816800921,11419986522,1652712854
645,12269847,417835779250,11877430325,1652716450
646,12269983,417851877983,11809134690,1652720124
647,12270063,417860956356,11047734044,1652723511
648,12270220,417878436866,11337038281,1652727294
649,12270350,417893114484,11257053859,1652730894
650,12270490,417908936610,11415277664,1652734472
651,12270629,417924911324,11457116853,1652738151
652,12270757,417939525693,11204017322,1652741975
653,12270880,417953188275,11045858741,1652745544
654,12271041,417971243155,11522236316,1652749092
655,12271174,417986474394,11540231246,1652752598
656,12271321,418003533647,11729930090,1652756236
657,12271475,418021801880,12095713077,1652759727
658,12271607,418037649450,11964173054,1652763335
659,12271751,418054949131,12091898741,1652766939
660,12271890,418071815500,12148588598,1652770493
661,12272033,418089183154,11948180535,1652774507
662,12272159,418104108112,11702233351,1652778227
663,12272298,418120338091,11732536083,1652781891
664,12272464,418139888823,12098781624,1652785737
665,12272688,418168552177,13503704489,1652789415
666,12272894,418197378551,14565132833,1652793067
667,12273060,418221874770,14816435876,1652796692
668,12273209,418243510643,14707947877,1652800418
669,12273383,418269372548,14997594876,1652804277
670,12273578,418299404492,15805258298,1652807886
671,12273741,418325273322,15915580452,1652811595
672,12273925,418354923645,16285121268,1652815386
673,12274091,418382331308,16472869031,1652819034
674,12274254,418409134109,16514254379,1652822713
675,12274411,418434913104,16546775691,1652826274
676,12274580,418462754622,16571299110,1652830055
677,12274768,418494472230,17116252192,1652833727
678,12274922,418520903896,16956993052,1652837365
679,12275077,418547022231,16872733729,1652840923
680,12275220,418571019695,16677522708,1652844435
681,12275378,418597108657,16492456565,1652848182
682,12275547,418625033185,16520450212,1652851934
683,12275711,418652236585,16581448216,1652855595
684,12275857,418676252629,16238580186,1652859322
685,12276028,418703800526,16191271559,1652863297
686,12276209,418733720160,16421074055,1652867104
687,12276367,418759642083,16270349724,1652870919
688,12276531,418786481011,16181851424,1652874739
689,12276705,418814799558,16424028119,1652878428
690,12276881,418843468894,16523760888,1652882350
691,12277052,418871983319,16587842168,1652886201
692,12277180,418893216772,15899768137,1652889817
693,12277301,418911979298,15080676724,1652893616
694,12277413,418928522889,14227719711,1652897344
695,12277523,418943748311,13419246282,1652901099
696,12277656,418961402544,13056384313,1652904855
697,12277791,418978855930,12797877174,1652908586
698,12277923,418995536608,12588118994,1652912232
699,12278075,419014591866,12613029742,1652916045
700,12278232,419034413426,12639890750,1652919966
701,12278381,419053356419,12696322840,1652923629
702,12278505,419068901977,12393065132,1652927254
703,12278632,419084209617,11753714715,1652931510
704,12278801,419104378997,12091662653,1652935473
705,12278926,419119337274,11617444829,1652939471
706,12279055,419134044211,11386952232,1652943265
707,12279149,419144516562,10735764362,1652946855
708,12279248,419154580414,9616681887,1652951697
709,12279317,419160935084,8862284685,1652955248
710,12279395,419167640832,8346631936,1652958768
711,12279491,419175457491,8101905446,1652962367
712,12279544,419179733194,8061415129,1652964186
713,12279616,419185615808,8286048648,1652965948
714,12279680,419190986862,8379173253,1652967772
715,12279740,419196014189,8481791323,1652969495
716,12279801,419201198580,8528156828,1652971330
717,12279870,419207150383,8680800735,1652973156
718,12279921,419211538806,8569755955,1652974948
719,12279986,419217127305,8644557312,1652976767
720,12280054,419223043249,8772769044,1652978595
721,12280111,419228002254,8787021287,1652980381
722,12280167,419232901709,8739056195,1652982187
723,12280224,419237879254,8747127614,1652983919
724,12280265,419241403917,8530786958,1652985679
725,12280330,419246989668,8643420511,1652987472
726,12280401,419253217553,8831045099,1652989265
727,12280456,419258054130,8772028175,1652991069
728,12280531,419264712928,8984580143,1652992870
729,12280565,419267704290,8572554855,1652994791
730,12280620,419272412125,8531835207,1652996584
731,12280675,419277091850,8489789635,1652998391
732,12280730,419281743285,8471273015,1653000152
733,12280767,419284854403,8203590897,1653001925
734,12280821,419289258658,8169647820,1653003703
735,12280881,419294155994,8190172722,1653005544
736,12280955,419300314793,8440581434,1653007334
737,12281009,419304859318,8428414721,1653009070
738,12281058,419308954396,8324203992,1653010816
739,12281107,419312988294,8211301637,1653012622
740,12281161,419317427773,8186084840,1653014402
741,12281216,419321942621,8209839110,1653016117
742,12281276,419326870692,8231197030,1653017944
743,12281338,419332036429,8384248611,1653019567
744,12281389,419336278501,8290975688,1653021377
745,12281448,419341138804,8282444479,1653023284
746,12281517,419346894278,8425114143,1653025123
747,12281582,419352451683,8534913740,1653026930
748,12281639,419357312885,8445434688,1653028924
749,12281683,419360969613,8288997084,1653030663
750,12281737,419365450185,8291540637,1653032381
751,12281782,419369165146,8149044846,1653034155
752,12281840,419373892121,8161413162,1653035981
753,12281898,419378639065,8111962462,1653037961
754,12281956,419383338757,8147201142,1653039753
755,12282012,419387873578,8118052496,1653041618
756,12282075,419392997689,8205055206,1653043421
757,12282132,419397654945,8187703747,1653045295
758,12282199,419403219651,8347166578,1653047079
759,12282255,419407899940,8310422723,1653048930
760,12282308,419412296438,8240288723,1653050731
761,12282366,419417084953,8295156354,1653052458
762,12282431,419422494423,8389164892,1653054307
763,12282491,419427543942,8435938175,1653056071
764,12282546,419432190335,8422340602,1653057839
765,12282613,419437873410,8574223543,1653059613
766,12282672,419442934146,8591164592,1653061403
767,12282730,419447905166,8642369373,1653063117
768,12282775,419451755744,8438517173,1653064953
769,12282827,419456111828,8321590724,1653066840
770,12282880,419460492417,8264776219,1653068645
771,12282943,419465702262,8369534389,1653070415
772,12283000,419470452369,8362888011,1653072233
773,12283069,419476272275,8462814513,1653074238
774,12283126,419481095729,8457127141,1653076023
775,12283186,419486151118,8545199745,1653077708
776,12283236,419490376239,8447531273,1653079494
777,12283297,419495578167,8479608453,1653081323
778,12283360,419500945802,8596134960,1653083080
779,12283420,419506110207,8632388891,1653084855
780,12283481,419511375091,8671702170,1653086693
781,12283536,419516111253,8635920494,1653088449
782,12283597,419521387317,8661478092,1653090261
783,12283656,419526451748,8602178967,1653092183
784,12283726,419532531751,8803347457,1653093940
785,12283769,419536267675,8530952770,1653095859
786,12283826,419541101207,8532261684,1653097632
787,12283887,419546319466,8567290560,1653099468
788,12283944,419551179106,8523954956,1653101365
789,12284018,419557549249,8736878964,1653103205
790,12284084,419563368082,8850701207,1653104991
791,12284132,419567578229,8648721410,1653106872
792,12284204,419573849527,8831923965,1653108699
793,12284262,419578981789,8846759202,1653110454
794,12284320,419584128876,8860313795,1653112209
795,12284364,419587990886,8679723618,1653113967
796,12284428,419593565997,8808307648,1653115669
797,12284493,419599320693,8920889980,1653117423
798,12284530,419602554418,8626831402,1653119189
799,12284579,419606715467,8459680045,1653121059
800,12284633,419611253965,8411220118,1653122840
801,12284699,419616853635,8470706358,1653124776
802,12284751,419621239293,8395430618,1653126561
803,12284807,419625947577,8355730554,1653128419
804,12284866,419630880178,8380821269,1653130224
805,12284931,419636358683,8439811192,1653132150
806,12285003,419642520704,8603859255,1653134016
807,12285067,419648048637,8604454852,1653135979
808,12285125,419653047965,8589514025,1653137866
809,12285177,419657500497,8573323489,1653139582
810,12285232,419662176111,8510670089,1653141422
811,12285294,419667447076,8577994889,1653143224
812,12285357,419672863046,8627462556,1653145060
813,12285426,419678876994,8788784127,1653146851
814,12285481,419683679530,8707513819,1653148689
815,12285546,419689376871,8781307706,1653150536
816,12285610,419695020396,8843951499,1653152352
817,12285671,419700411395,8884939326,1653154156
818,12285728,419705476695,8902676222,1653155859
819,12285791,419711101037,8968664576,1653157644
820,12285845,419715889315,8870128975,1653159492
821,12285893,419720105122,8735760584,1653161284
822,12285958,419725824363,8760319691,1653163245
823,12286012,419730565852,8745648679,1653164942
824,12286082,419736718523,8908369978,1653166750
825,12286137,419741601197,8870419647,1653168495
826,12286197,419746916425,8772255810,1653170540
827,12286253,419751803389,8751253628,1653172337
828,12286313,419757063099,8774667297,1653174150
829,12286363,419761406694,8688301538,1653175845
830,12286424,419766710977,8660233658,1653177783
831,12286472,419770866926,8466831162,1653179704
832,12286534,419776157921,8498494860,1653181572
833,12286584,419780376375,8373346856,1653183392
834,12286639,419784950005,8245477678,1653185400
835,12286698,419789809803,8236948436,1653187288
836,12286770,419795815618,8466250600,1653189059
837,12286834,419801294365,8537962680,1653190866
838,12286907,419807616581,8739331941,1653192726
839,12286982,419814237345,8898025412,1653194679
840,12287039,419819275902,8904930549,1653196426
841,12287093,419824068682,8845989395,1653198170
842,12287157,419829741205,8810866373,1653200170
843,12287217,419835031028,8848886594,1653201964
844,12287288,419841373887,9029846509,1653203771
845,12287356,419847584806,9162237768,1653205559
846,12287425,419853949157,9231283776,1653207444
847,12287482,419859162929,9172452859,1653209259
848,12287555,419865968115,9433350517,1653210933
849,12287660,419875945895,9598937946,1653213634
850,12287717,419881385871,9544890042,1653215385
851,12287788,419888218583,9665164902,1653217210
852,12287854,419894641653,9728703081,1653218988
853,12287905,419899565587,9566546054,1653220782
854,12287984,419907228572,9821395041,1653222607
855,12288038,419912493635,9702293191,1653224391
856,12288111,419919641400,9850082391,1653226202
857,12288174,419925844865,9838811831,1653228025
858,12288231,419931464716,9781861510,1653229807
859,12288317,419940031212,10152999310,1653231613
860,12288375,419945907479,10089996053,1653233379
861,12288441,419952573515,10150017733,1653235161
862,12288497,419958197539,10015319885,1653236946
863,12288571,419965683343,10190873966,1653238718
864,12288632,419971881320,10155959807,1653240508
865,12288693,419978091531,10135081366,1653242288
866,12288758,419984661407,10176532017,1653244048
867,12288816,419990506723,10095744599,1653245836
868,12288876,419996534947,10058693513,1653247599
869,12288939,420002889684,10059367793,1653249392
870,12288997,420008691699,9978492460,1653251224
871,12289069,420015942149,10109662275,1653253059
872,12289137,420022843700,10208916389,1653254792
873,12289195,420028714445,10106184571,1653256630
874,12289262,420035494590,10203249552,1653258379
875,12289321,420041507253,10190000218,1653260111
876,12289382,420047706775,10175125630,1653261858
877,12289442,420053789686,10157857831,1653263626
878,12289492,420058821095,9873594454,1653265554
879,12289559,420065419428,9993825758,1653267263
880,12289624,420071915673,10011411555,1653269087
881,12289697,420079238196,10173773494,1653270852
882,12289757,420085360371,10108600826,1653272665
883,12289823,420092021739,10148924018,1653274448
884,12289889,420098758252,10218539173,1653276189
885,12289947,420104690996,10105580917,1653278014
886,12290005,420110544724,10000448637,1653279823
887,12290067,420116717594,9950948250,1653281659
888,12290125,420122440315,9858030249,1653283459
889,12290189,420128759600,9941627274,1653285139
890,12290245,420134309310,9863970646,1653286875
891,12290294,420139080099,9660139456,1653288679
892,12290342,420143700942,9461297289,1653290471
893,12290389,420148100211,9274058194,1653292255
894,12290458,420154531052,9379291437,1653294078
895,12290526,420160922577,9476500647,1653295908
896,12290600,420168002533,9657755906,1653297736
897,12290669,420174700049,9767054530,1653299555
898,12290722,420179861867,9677641746,1653301258
899,12290788,420186243538,9692632604,1653303152
900,12290870,420194338793,9978807882,1653305006
901,12290946,420202017047,10111955705,1653306928
902,12291029,420210560994,10414861805,1653308731
903,12291089,420216793212,10364475959,1653310516
904,12291155,420223665671,10383635021,1653312340
905,12291233,420231845048,10576651029,1653314161
906,12291306,420239632941,10693337999,1653315968
907,12291372,420246718957,10727260659,1653317759
908,12291451,420255321964,10984637606,1653319496
909,12291522,420263104655,11060759640,1653321323
910,12291602,420271980032,11222897670,1653323191
911,12291675,420280210760,11300178058,1653325003
912,12291775,420291744266,11807589718,1653326872
913,12291852,420300909695,11941354145,1653328668
914,12291923,420309369889,11954500329,1653330484
915,12291991,420317475928,11918832080,1653332315
916,12292059,420325571279,11889608911,1653334139
917,12292132,420334249451,11997076078,1653335874
918,12292199,420342251613,11986554480,1653337636
919,12292277,420351631906,12088404170,1653339551
920,12292355,420361186132,12286775379,1653341259
921,12292419,420369027435,12206898980,1653343087
922,12292483,420376829784,12118115690,1653344894
923,12292546,420384466775,12060074498,1653346624
924,12292619,420393246483,12102299102,1653348448
925,12292685,420401197124,12055219928,1653350264
926,12292758,420409972146,12073659700,1653352180
927,12292831,420418844312,12061896134,1653354062
928,12292899,420427024979,11956374895,1653355988
929,12292981,420436903741,12120141909,1653357918
930,12293052,420445522042,12128117745,1653359726
931,12293120,420453810291,12055647194,1653361600
932,12293195,420462823003,12026367878,1653363557
933,12293270,420471906360,12133860933,1653365314
934,12293322,420478154167,11830320634,1653367126
935,12293370,420483736537,11475456727,1653368953
936,12293425,420489957922,11233213694,1653370790
937,12293486,420496751970,11172788009,1653372517
938,12293537,420502401918,10967087623,1653374246
939,12293593,420508511014,10797178311,1653376042
940,12293652,420514822700,10695301470,1653377821
941,12293716,420521635485,10690951038,1653379606
942,12293777,420528093047,10560246405,1653381519
943,12293853,420536207800,10685203621,1653383422
944,12293910,420542269271,10565666587,1653385228
945,12293957,420547162515,10322637056,1653387000
946,12294023,420553970670,10351882633,1653388800
947,12294088,420560706257,10400774510,1653390567
948,12294146,420566698454,10285803842,1653392395
949,12294203,420572560546,10171399589,1653394226
950,12294266,420578953602,10129334201,1653396109
951,12294330,420585442063,10135930289,1653397902
952,12294388,420591300209,10058971162,1653399696
953,12294515,420603937231,10009896986,1653403434
954,12294586,420611057226,10120719072,1653405238
955,12294653,420617832467,10163904204,1653407035
956,12294726,420625334176,10293632951,1653408873
957,12294780,420630865996,10155821814,1653410664
958,12294847,420637661974,10252187114,1653412409
959,12294910,420644098473,10241281745,1653414211
960,12294979,420651198165,10301616052,1653415999
